i j v
0.0 0.0 -0.5399999999999999
1.0 0.0 0.0
2.0 0.0 0.0
3.0 0.0 0.18
4.0 0.0 0.0
5.0 0.0 0.0
6.0 0.0 0.18
7.0 0.0 0.0
8.0 0.0 0.0
9.0 0.0 0.0
10.0 0.0 0.0
11.0 0.0 0.0
12.0 0.0 0.18
13.0 0.0 0.0
14.0 0.0 0.0
15.0 0.0 0.0
0.0 1.0 0.0
1.0 1.0 -0.5399999999999999
2.0 1.0 0.18
3.0 1.0 0.0
4.0 1.0 0.0
5.0 1.0 0.0
6.0 1.0 0.0
7.0 1.0 0.18
8.0 1.0 0.0
9.0 1.0 0.0
10.0 1.0 0.0
11.0 1.0 0.0
12.0 1.0 0.0
13.0 1.0 0.18
14.0 1.0 0.0
15.0 1.0 0.0
0.0 2.0 0.0
1.0 2.0 0.18
2.0 2.0 -0.5399999999999999
3.0 2.0 0.0
4.0 2.0 0.18
5.0 2.0 0.0
6.0 2.0 0.0
7.0 2.0 0.0
8.0 2.0 0.0
9.0 2.0 0.0
10.0 2.0 0.0
11.0 2.0 0.0
12.0 2.0 0.0
13.0 2.0 0.0
14.0 2.0 0.18
15.0 2.0 0.0
0.0 3.0 0.18
1.0 3.0 0.0
2.0 3.0 0.0
3.0 3.0 -0.5399999999999999
4.0 3.0 0.0
5.0 3.0 0.18
6.0 3.0 0.0
7.0 3.0 0.0
8.0 3.0 0.0
9.0 3.0 0.0
10.0 3.0 0.0
11.0 3.0 0.0
12.0 3.0 0.0
13.0 3.0 0.0
14.0 3.0 0.0
15.0 3.0 0.18
0.0 4.0 0.0
1.0 4.0 0.0
2.0 4.0 0.18
3.0 4.0 0.0
4.0 4.0 -0.5399999999999999
5.0 4.0 0.0
6.0 4.0 0.0
7.0 4.0 0.18
8.0 4.0 0.18
9.0 4.0 0.0
10.0 4.0 0.0
11.0 4.0 0.0
12.0 4.0 0.0
13.0 4.0 0.0
14.0 4.0 0.0
15.0 4.0 0.0
0.0 5.0 0.0
1.0 5.0 0.0
2.0 5.0 0.0
3.0 5.0 0.18
4.0 5.0 0.0
5.0 5.0 -0.5399999999999999
6.0 5.0 0.18
7.0 5.0 0.0
8.0 5.0 0.0
9.0 5.0 0.18
10.0 5.0 0.0
11.0 5.0 0.0
12.0 5.0 0.0
13.0 5.0 0.0
14.0 5.0 0.0
15.0 5.0 0.0
0.0 6.0 0.18
1.0 6.0 0.0
2.0 6.0 0.0
3.0 6.0 0.0
4.0 6.0 0.0
5.0 6.0 0.18
6.0 6.0 -0.5399999999999999
7.0 6.0 0.0
8.0 6.0 0.0
9.0 6.0 0.0
10.0 6.0 0.18
11.0 6.0 0.0
12.0 6.0 0.0
13.0 6.0 0.0
14.0 6.0 0.0
15.0 6.0 0.0
0.0 7.0 0.0
1.0 7.0 0.18
2.0 7.0 0.0
3.0 7.0 0.0
4.0 7.0 0.18
5.0 7.0 0.0
6.0 7.0 0.0
7.0 7.0 -0.5399999999999999
8.0 7.0 0.0
9.0 7.0 0.0
10.0 7.0 0.0
11.0 7.0 0.18
12.0 7.0 0.0
13.0 7.0 0.0
14.0 7.0 0.0
15.0 7.0 0.0
0.0 8.0 0.0
1.0 8.0 0.0
2.0 8.0 0.0
3.0 8.0 0.0
4.0 8.0 0.18
5.0 8.0 0.0
6.0 8.0 0.0
7.0 8.0 0.0
8.0 8.0 -0.5399999999999999
9.0 8.0 0.0
10.0 8.0 0.0
11.0 8.0 0.18
12.0 8.0 0.0
13.0 8.0 0.0
14.0 8.0 0.18
15.0 8.0 0.0
0.0 9.0 0.0
1.0 9.0 0.0
2.0 9.0 0.0
3.0 9.0 0.0
4.0 9.0 0.0
5.0 9.0 0.18
6.0 9.0 0.0
7.0 9.0 0.0
8.0 9.0 0.0
9.0 9.0 -0.5399999999999999
10.0 9.0 0.18
11.0 9.0 0.0
12.0 9.0 0.0
13.0 9.0 0.0
14.0 9.0 0.0
15.0 9.0 0.18
0.0 10.0 0.0
1.0 10.0 0.0
2.0 10.0 0.0
3.0 10.0 0.0
4.0 10.0 0.0
5.0 10.0 0.0
6.0 10.0 0.18
7.0 10.0 0.0
8.0 10.0 0.0
9.0 10.0 0.18
10.0 10.0 -0.5399999999999999
11.0 10.0 0.0
12.0 10.0 0.18
13.0 10.0 0.0
14.0 10.0 0.0
15.0 10.0 0.0
0.0 11.0 0.0
1.0 11.0 0.0
2.0 11.0 0.0
3.0 11.0 0.0
4.0 11.0 0.0
5.0 11.0 0.0
6.0 11.0 0.0
7.0 11.0 0.18
8.0 11.0 0.18
9.0 11.0 0.0
10.0 11.0 0.0
11.0 11.0 -0.5399999999999999
12.0 11.0 0.0
13.0 11.0 0.18
14.0 11.0 0.0
15.0 11.0 0.0
0.0 12.0 0.18
1.0 12.0 0.0
2.0 12.0 0.0
3.0 12.0 0.0
4.0 12.0 0.0
5.0 12.0 0.0
6.0 12.0 0.0
7.0 12.0 0.0
8.0 12.0 0.0
9.0 12.0 0.0
10.0 12.0 0.18
11.0 12.0 0.0
12.0 12.0 -0.5399999999999999
13.0 12.0 0.0
14.0 12.0 0.0
15.0 12.0 0.18
0.0 13.0 0.0
1.0 13.0 0.18
2.0 13.0 0.0
3.0 13.0 0.0
4.0 13.0 0.0
5.0 13.0 0.0
6.0 13.0 0.0
7.0 13.0 0.0
8.0 13.0 0.0
9.0 13.0 0.0
10.0 13.0 0.0
11.0 13.0 0.18
12.0 13.0 0.0
13.0 13.0 -0.5399999999999999
14.0 13.0 0.18
15.0 13.0 0.0
0.0 14.0 0.0
1.0 14.0 0.0
2.0 14.0 0.18
3.0 14.0 0.0
4.0 14.0 0.0
5.0 14.0 0.0
6.0 14.0 0.0
7.0 14.0 0.0
8.0 14.0 0.18
9.0 14.0 0.0
10.0 14.0 0.0
11.0 14.0 0.0
12.0 14.0 0.0
13.0 14.0 0.18
14.0 14.0 -0.5399999999999999
15.0 14.0 0.0
0.0 15.0 0.0
1.0 15.0 0.0
2.0 15.0 0.0
3.0 15.0 0.18
4.0 15.0 0.0
5.0 15.0 0.0
6.0 15.0 0.0
7.0 15.0 0.0
8.0 15.0 0.0
9.0 15.0 0.18
10.0 15.0 0.0
11.0 15.0 0.0
12.0 15.0 0.18
13.0 15.0 0.0
14.0 15.0 0.0
15.0 15.0 -0.5399999999999999
